100
10
8688824982
10
3505011987
10
6797516354
10
6553228374
10
5819338893
10
8790589950
10
1276404124
10
6821698210
10
8353034241
10
2744336894
10
3319314045
10
9186702183
10
4706925072
10
0813521821
10
1911485936
10
9838810952
10
0784985082
10
9540147189
10
4900319868
10
0072067513
10
2501362456
10
2164344820
10
8089400064
10
3921923270
10
2453483913
10
4629897747
10
5661233805
10
5894490566
10
2272638351
10
9991615459
10
1761254257
10
1947453615
10
1632646704
10
8417137930
10
1957221053
10
9713972874
10
1753067759
10
0565569636
10
6702360059
10
6836830506
10
5257504075
10
7513957319
10
2494101303
10
4635358901
10
3248456351
10
7028410512
10
1410259257
10
9737163314
10
4354542330
10
9082589368
10
8176770929
10
7280959018
10
8972048422
10
2646664025
10
6536566423
10
8788047691
10
7951520355
10
5024102427
10
5617296301
10
6614508710
10
8119573135
10
2762809525
10
6694229653
10
2984432492
10
2686855554
10
1924473965
10
6557199649
10
3947148467
10
5759002069
10
0875712757
10
6631178263
10
6205624823
10
1373826921
10
6740371810
10
2239876879
10
9061622908
10
8217895056
10
7579528913
10
6778955505
10
3500139654
10
2576116909
10
2247698387
10
7802007588
10
8076124450
10
5733408387
10
7936499712
10
7600848080
10
2169650521
10
7343023643
10
6521534399
10
8957140735
10
5993274254
10
8664244192
10
5900251189
10
3266495783
10
3112585327
10
0630935815
10
0409249211
10
9078047289
10
0244568779
